0 0.0036458333333333334 0.4873046875 0.036458333333333336 0.166015625
0 0.05364583333333333 0.494140625 0.04114583333333333 0.1474609375
4 0.4588541666666667 0.515625 0.005208333333333333 0.02734375
0 0.47239583333333335 0.5302734375 0.00625 0.03515625
0 0.478125 0.5244140625 0.005729166666666666 0.041015625
0 0.4859375 0.52734375 0.005208333333333333 0.0361328125
4 0.5494791666666666 0.5234375 0.016666666666666666 0.029296875
0 0.6208333333333333 0.5185546875 0.005729166666666666 0.0390625
4 0.6348958333333333 0.5146484375 0.008333333333333333 0.056640625
4 0.63125 0.5126953125 0.0078125 0.0595703125
0 0.6307291666666667 0.5185546875 0.011458333333333333 0.05859375
0 0.6401041666666667 0.5126953125 0.008854166666666666 0.0556640625
0 0.6432291666666666 0.5146484375 0.008854166666666666 0.0537109375
0 0.65 0.5048828125 0.0171875 0.0673828125
0 0.34739583333333335 0.5302734375 0.0125 0.0517578125
1 0.33489583333333334 0.5478515625 0.0328125 0.0341796875
0 0.5651041666666666 0.5244140625 0.008854166666666666 0.0302734375
0 0.6161458333333333 0.521484375 0.00625 0.037109375
0 0.6286458333333333 0.50390625 0.011458333333333333 0.0712890625
1 0.8828125 0.546875 0.07864583333333333 0.11328125
0 0.89375 0.4794921875 0.053125 0.1875
4 0.6255208333333333 0.51953125 0.008854166666666666 0.044921875
